36366869646
45884922778
11704758254
47400598469
40271127303
45292918670
17686595431
4499084472
38081641360
46727290154
43714957193
6125223376
42052195909
5572140812
42774445987
9156268819
48268230393
5379146835
47215122059
20687193939
5585682580
8592710111
5751514500
5504093205
8524707915
45813572107
2284050759
43963184137
24657865527
41190073089
5050987984
8077157523
11339099073
4955979156
7043536647
48094010407
5003719935
6836824025
44259251030
7685692250
6696585377
47215276868
48046509254
44895050752
3214012795
7277214554
7108010014
45060919091
4188901216
44429314427
4030242248
13245649140
44030056142
44539198341
46980727084
7145804425
5458261126
5979027053
46661402894
39427011660
46659783843
45639318935
45547508840
15260932501
45002660379
46201459352
39654342464
46813193668
46054126796
40485974150
45732532265
46868848029
46336604549
32806944268
46742088087
45799127345
44498243016
8740743953
8001084787
45881578293
44832109025
46561955636
47380147433
5376420287
45695377221
44940302618
47538390429
11548382250
42862584697
45426236690
44939364654
45910131994
9062070216
21750098679
46655607754
45179341803
44563345891
45330715447
45365181658
46690805559
5874237183
5346866790
45541018885
8038223154
39458513765
46667204890
30324977010
46588272313
40358574072
45763138077
46392775264
16592790952
29436281910
45073347696
2185955649
44472514992
37777014297
46666904127
47303245441
45485960258
7972364460
17770805140
38113121370
13448263403
45394588144
23233427270
33789500874
44963718336
46773863295
18621486072
21056271297
46606533007
6938183030
7996859186
31700651450
26592466613
29547455615
47043143152
45478062117
31004566990
45551795567
45031380278
45625743470
29591537294
6891864927
29649724708
42295263647
16018609484
6761433723
35940613796
45460753341
45313021555
45640330130
42432878454
43893306130
22197999306
38480606357
18121137906
42911191290
27299731760
45039282710
11836271996
43880785687
22242987626
39510279736
8462021566
45493203060
44920535127
44582636052
40340982760
45491269577
8526543324
44110636768
44838734947
4851103149
33771212874
44526436221
45884696634
21499029333
45734723129
45604279461
31863529167
42386785201
40403813530
45042355078
44729662379
10164708844
45740242092
41043096133
45243276599
44557064822
8483546629
45425729995
45841071815
45887435474
38273401979
45325066048
45853558810
45653179745
31837149683
29155619520
44965932656
25305134137
45020519641
10198960750
10262593142
24638139455
14834627884
35403253975
8430844886
44782278732
35102183640
45482684437
45688961110
45322218638
40080745742
36361482281
27956768681
6348767285
44774976209
45447447858
4240028291
41329550551
45531957264
45526053644
45719594489
16585385831
12840417214
41530179136
45402440978
43735161518
31356755990
21723434837
35769781908
45635502875
5903088381
45577717078
34726716188
40584454854
35773128314
41005888115
44732085572
39236242882
45920640620
32024383004
34463025461
9701181849
42014466581
45701180077
39862054049
22867784238
42261459158
21477957095
